lastAccountName: TTDpal
timestamps:
  login: 1538009462327
  logout: 1538011042527
  lastteleport: 1538010098204
  kits:
    navigator: 1537935979991
    pvp: 1537937387640
    user: 1537935935000
ipAddress: 73.166.198.18
logoutlocation:
  world: Survival
  x: 283.37317056505964
  y: 93.15686214510687
  z: -317.79414530458274
  yaw: 28.240967
  pitch: 25.874836
lastlocation:
  world: world
  x: 3.54473541290882
  y: 50.0
  z: 1.1413589982837333
  yaw: 32.067657
  pitch: 9.625705
money: '999999999.005'
afk: false
homes:
  irongolem:
    world: Survival
    x: 269.86194797283565
    y: 84.0
    z: -316.8527555253496
    yaw: -41.056843
    pitch: 50.061638
