lastAccountName: pascualuser
timestamps:
  login: 1537897957619
  logout: 1537897967596
ipAddress: 186.46.227.11
logoutlocation:
  world: world
  x: 0.11624347641195404
  y: 50.0
  z: 2.525040516526444
  yaw: 1.6283491
  pitch: -0.74551266
