lastAccountName: byangelc
timestamps:
  login: 1540678831069
  logout: 1540679122207
  lastteleport: 1540678907258
  kits:
    pvp: 1540068111375
    user: 1540671828498
ipAddress: 127.0.0.1
logoutlocation:
  world: world
  x: 1.6078353200241722
  y: 45.0
  z: 54.00935003721198
  yaw: 172.39487
  pitch: 1.4855341
lastlocation:
  world: Survival
  x: -479.8745949618591
  y: 64.0
  z: 19.446425495999204
  yaw: 134.57538
  pitch: 0.25146294
money: '999985295.0'
afk: false
homes:
  home:
    world: Survival
    x: -479.52168225271106
    y: 64.0
    z: 22.981660950638776
    yaw: -124.357506
    pitch: 22.199896
