lastAccountName: byangelc
timestamps:
  login: 1540673247725
  logout: 1540673242178
  lastteleport: 1540140729357
  kits:
    pvp: 1540068111375
    user: 1540671828498
ipAddress: 127.0.0.1
logoutlocation:
  world: Survival
  x: -478.40441344787683
  y: 64.0
  z: 27.600586601659582
  yaw: -173.00496
  pitch: -1.6782427
lastlocation:
  world: world
  x: 8.054418359193564
  y: 45.0
  z: 31.105463717702932
  yaw: 18.57237
  pitch: 6.1888714
money: '999985295.0'
afk: false
homes:
  home:
    world: Survival
    x: -479.52168225271106
    y: 64.0
    z: 22.981660950638776
    yaw: -124.357506
    pitch: 22.199896
