lastAccountName: AnnaGaming23
timestamps:
  login: 1537935646573
  logout: 1537935660967
ipAddress: 216.65.173.69
logoutlocation:
  world: world
  x: 0.46875522525879365
  y: 50.0
  z: 0.5257768590240784
  yaw: -8.549835
  pitch: 12.9000025
