lastAccountName: Florensia_321
timestamps:
  login: 1531174089642
  lastteleport: 1531174104899
  logout: 1531174403056
ipAddress: 190.117.207.54
lastlocation:
  world: world
  x: 0.46875522525879365
  y: 50.0
  z: 1.3829462682968339
  yaw: 2.71672E-4
  pitch: -1.6499976
logoutlocation:
  world: world
  x: 33.27178649563331
  y: 45.0
  z: 77.48684455563406
  yaw: -80.57453
  pitch: 5.67182
