lastAccountName: norberloes
timestamps:
  login: 1537897325347
  logout: 1537897328240
ipAddress: 201.240.163.199
logoutlocation:
  world: world
  x: 0.4369055463328566
  y: 50.0
  z: 6.619651794332792
  yaw: 3.2831652
  pitch: 32.864746
