lastAccountName: Tronadox
timestamps:
  login: 1537886612235
  logout: 1537886631605
  lastteleport: 1537840746157
  kits:
    pvp: 1537844954002
ipAddress: 190.152.128.193
logoutlocation:
  world: world
  x: 0.46875522525879365
  y: 50.0
  z: 0.5257768590240784
  yaw: -7.054705
  pitch: -5.1473303
lastlocation:
  world: world
  x: 0.46875522525879365
  y: 50.0
  z: 0.5257768590240784
  yaw: 2.71672E-4
  pitch: -1.6499976
