lastAccountName: Survival
timestamps:
  login: 1531170082988
  lastteleport: 1531170146777
  logout: 1531170994052
ipAddress: 190.117.207.54
lastlocation:
  world: Survival_plots
  x: -17.62112388248511
  y: 42.62237382859588
  z: -28.61341485282744
  yaw: -36.17935
  pitch: 7.950003
afk: false
logoutlocation:
  world: Survival_plots
  x: -10.994691036125694
  y: 38.0
  z: -1.7388693283528975
  yaw: -25.610596
  pitch: 12.149972
