lastAccountName: Ytalo1909
timestamps:
  login: 1538002614864
  lastteleport: 1538002698122
  logout: 1538002724897
ipAddress: 190.232.254.164
lastlocation:
  world: world
  x: -4.897273264043166
  y: 45.0
  z: 41.63775856330541
  yaw: 17.550272
  pitch: 39.0
logoutlocation:
  world: world
  x: -33.22267432132058
  y: 47.0
  z: 86.37235007915523
  yaw: -339.06503
  pitch: 20.249989
