lastAccountName: paintergirl15
timestamps:
  login: 1538092738000
  logout: 1538092849265
ipAddress: 177.91.253.22
logoutlocation:
  world: world
  x: 29.041111100261098
  y: 45.5
  z: 23.88931020370746
  yaw: -256.7996
  pitch: 90.0
