lastAccountName: joacoelpro_gamer
timestamps:
  login: 1537890753667
  logout: 1537890800266
ipAddress: 179.40.66.26
logoutlocation:
  world: world
  x: 5.605399312532221
  y: 45.0
  z: 32.04429287288097
  yaw: 43.35027
  pitch: 41.249992
