lastAccountName: LordDamager
timestamps:
  login: 1537939624780
  logout: 1537939640893
ipAddress: 174.49.181.168
logoutlocation:
  world: world
  x: 1.9813367323078115
  y: 45.0
  z: 33.0788564292335
  yaw: 181.95013
  pitch: 10.199996
