lastAccountName: s5048218
timestamps:
  login: 1537888997951
  logout: 1537889036707
ipAddress: 190.36.11.174
logoutlocation:
  world: world
  x: 0.46875522525879365
  y: 50.0
  z: 1.5985277900572668
  yaw: 2.71672E-4
  pitch: -1.4999976
