lastAccountName: MrAnThoNny
timestamps:
  login: 1531175198060
  logout: 1531176058540
  lastteleport: 1531175347329
ipAddress: 201.165.218.19
logoutlocation:
  world: world_pvp
  x: -8.516939406864555
  y: 58.0
  z: 58.304045818194396
  yaw: -3.7385952
  pitch: 37.082912
lastlocation:
  world: world
  x: 35.699999988079064
  y: 46.0
  z: 26.711137477105634
  yaw: -138.43668
  pitch: 0.9157494
