world: world
x: -25.98335095255985
y: 47.0
z: 82.00180428009976
yaw: -89.61499
pitch: -22.200027
name: Enchant
