world: Survival
x: 11.522327614898256
y: 82.0
z: -5.518954648073878
yaw: -270.7578
pitch: 3.5999866
name: Survival
